83
32
57
34
47
87
42
67
39
50
54
76
83
55
12
83
42
44
83
20
57
59
74
77
27
1
14
31
12
35
50
47
61
96
78
84
24
44
66
20
30
33
51
6
41
54
44
48
29
88
7
87
31
40
62
73
32
99
45
41
48
72
95
17
74
78
93
21
0
90
56
56
61
35
66
29
59
29
7
52
21
27
78
31
70
55
11
69
22
25
17
38
73
23
84
93
5
76
73
77
75
71
71
6
59
11
43
25
29
25
60
92
28
62
68
45
41
88
34
5
73
40
60
85
16
34
63
61
46
8
74
81
8
8
49
38
56
90
46
85
55
3
69
78
3
5
89
49
9
11
90
86
85
23
76
31
37
79
2
47
12
98
85
17
15
29
96
60
16
39
56
94
11
25
64
88
62
94
58
82
41
19
18
82
50
27
49
60
19
59
50
93
61
1
57
65
22
42
93
48
11
46
64
92
68
28
62
93
90
87
18
89
62
25
69
75
80
51
45
47
26
74
51
5
56
85
90
8
90
67
31
30
97
92
78
86
88
36
51
13
9
8
30
85
71
2
16
16
43
79
14
2
64
40
77
54
37
43
13
47
61
36
76
19
18
60
22
41
43
65
70
92
92
80
8
84
53
32
99
45
51
52
15
82
50
89
35
5
32
10
13
22
67
21
38
81
86
83
57
56
78
43
56
23
36
51
82
0
8
76
73
74
16
54
4
82
62
13
82
56
5
86
50
72
3
21
2
14
73
64
74
81
8
17
41
16
23
6
7
5
62
86
24
4
6
23
42
44
72
91
34
45
84
76
96
78
78
30
48
13
23
99
77
70
30
77
1
25
7
84
36
84
70
38
90
93
61
45
52
45
15
21
59
58
49
52
32
87
75
18
15
34
0
73
43
23
32
66
80
89
14
70
0
9
86
4
8
91
21
48
70
12
4
53
69
29
88
8
32
12
27
79
45
54
32
49
43
13
85
43
41
47
46
43
59
36
11
0
54
9
2
95
41
98
59
9
63
25
5
91
15
69
65
7
80
79
43
28
73
92
54
17
10
90
81
99
97
76
36
30
23
39
96
82
79
55
2
51
50
67
60
98
62
30
90
87
61
47
6
69
73
52
98
45
85
35
25
91
79
18
1
93
85
81
64
18
66
6
64
12
82
9
61
75
59
34
94
7
27
76
55
68
72
48
65
69
38
23
21
82
83
37
88
43
94
87
88
66
38
16
39
4
62
80
20
73
21
98
64
83
16
12
71
46
61
45
45
78
11
7
48
12
24
6
90
54
78
50
1
83
49
17
15
19
68
97
81
93
24
81
96
67
10
66
54
46
84
6
59
84
50
46
48
42
95
41
29
3
63
17
43
92
65
64
65
65
98
83
60
66
21
68
83
11
86
63
93
97
38
5
14
91
76
60
12
96
14
94
25
55
88
95
3
69
98
26
37
94
77
66
42
97
63
39
65
66
24
61
62
34
57
99
87
26
93
21
15
45
40
96
58
40
8
34
99
27
74
91
14
66
53
22
97
57
70
10
41
82
88
98
6
21
68
19
25
3
57
61
67
37
33
19
22
15
40
57
33
25
7
86
36
56
29
51
18
30
94
20
15
41
45
52
70
55
40
7
33
61
47
24
35
48
42
69
92
12
80
41
43
15
52
96
36
90
47
66
10
21
76
37
44
9
0
33
12
56
87
84
14
79
60
79
3
7
82
36
74
3
31
80
14
42
49
85
70
82
69
77
3
57
59
51
56
56
13
88
94
26
32
9
6
66
40
20
59
34
41
5
40
67
50
84
47
30
19
8
29
46
40
30
66
47
95
84
94
83
32
25
22
39
59
19
69
31
19
89
91
36
83
15
91
70
90
51
45
90
37
82
2
12
7
8
16
6
41
5
67
98
4
21
34
3
92
26
76
12
81
41
87
33
13
95
50
98
76
95
43
90
51
94
0
13
76
47
91
58
12
1
26
29
75
30
81
61
0
9
35
18
9
48
83
93
58
5
34
45
31
23
59
66
97
26
92
25
9
39
45
76
80
97
48
32
87
46
98
45
30
50
37
45
60
39
15
37
50
20
47
61
70
84
83
87
52
8
9
36
27
5
8
47
9
97
8
3
84
44
39
92
67
46
78
69
74
56
31
53
14
45
76
68
44
24
13
61
15
92
92
14
98
35
90
12
12
4
31
70
12
28
83
53
29
68
39
34
59
41
75
40
40
96
98
8
78
41
48
39
2
11
20
51
14
95
89
90
20
79
60
92
69
38
